{"cells":[{"cell_type":"markdown","metadata":{"id":"wDtyCjZ4yc-W"},"source":["\n","<div align=\"center\">\n","<img src ='Pic/logo.png' width='200px'>\n","    \n","## KHÓA HỌC: LẬP TRÌNH PYTHON CƠ BẢN CHO PHÂN TÍCH DỮ LIỆU VÀ HỌC MÁY\n","# Bài 5 - Xử lý dữ liệu số với Thư viện NumPy - Phần 02\n","</div>\n","\n","----\n","Practice 5 - Xử lý dữ liệu số với Thư viện NumPy - Phần 02\n","\n","---\n","\n","1. Họ tên học viên: Nguyễn Anh Tú\n","2. Ngày sinh: 06/10/2006\n","3. Email: anhtunguyen6106@gmail.com"]},{"cell_type":"markdown","metadata":{"id":"FY8QVPULro1F"},"source":["## THỰC HÀNH SỐ 1:\n","---\n","**Yêu cầu: Tạo một vector gồm 30 phần tử, có giá trị tăng dần từ 1 đến 30**\n","\n","Chỉ sử dụng các phương thức reshape, ravel, split…tách Vector a ở trên thành 3 vector con bao gồm:\n","\n","1. a_lẻ: chứa các phần tử là số lẻ;\n","2. a_chan: chứa các phần tử là số chẵn.\n","3. a_3: chứa các phần tử chia hết cho 3"]},{"cell_type":"code","source":["import numpy as np"],"metadata":{"id":"Hk3jl5SPNPOb","executionInfo":{"status":"ok","timestamp":1762950938027,"user_tz":-420,"elapsed":35,"user":{"displayName":"Anh Tú Nguyễn","userId":"16153116359224368689"}}},"execution_count":45,"outputs":[]},{"cell_type":"code","execution_count":46,"metadata":{"id":"BZvWuTJNro1r","colab":{"base_uri":"https://localhost:8080/"},"executionInfo":{"status":"ok","timestamp":1762950938043,"user_tz":-420,"elapsed":13,"user":{"displayName":"Anh Tú Nguyễn","userId":"16153116359224368689"}},"outputId":"ced35ca4-2502-459b-cf34-6948dffa6a78"},"outputs":[{"output_type":"stream","name":"stdout","text":["[ 1  2  3  4  5  6  7  8  9 10 11 12 13 14 15 16 17 18 19 20 21 22 23 24\n"," 25 26 27 28 29 30]\n"]}],"source":["#{HỌC VIÊN VIẾT CODE VÀO ĐÂY}\n","\n","a = np.arange(1, 31)\n","print(a)\n"]},{"cell_type":"code","source":["a_le = a.ravel()[a.ravel() % 2 != 0]     # số lẻ\n","a_chan = a.ravel()[a.ravel() % 2 == 0]   # số chẵn\n","a_3 = a.ravel()[a.ravel() % 3 == 0]      # chia hết cho 3\n","\n","print(\"a_lẻ:\", a_le)\n","print(\"a_chẵn:\", a_chan)\n","print(\"a_3:\", a_3)"],"metadata":{"colab":{"base_uri":"https://localhost:8080/"},"id":"1XyxjEgOuQsO","executionInfo":{"status":"ok","timestamp":1762950938059,"user_tz":-420,"elapsed":14,"user":{"displayName":"Anh Tú Nguyễn","userId":"16153116359224368689"}},"outputId":"0d5c5140-2aa2-4dfc-f8eb-c2ff8b8ccb1e"},"execution_count":47,"outputs":[{"output_type":"stream","name":"stdout","text":["a_lẻ: [ 1  3  5  7  9 11 13 15 17 19 21 23 25 27 29]\n","a_chẵn: [ 2  4  6  8 10 12 14 16 18 20 22 24 26 28 30]\n","a_3: [ 3  6  9 12 15 18 21 24 27 30]\n"]}]},{"cell_type":"markdown","metadata":{"id":"dxYlABZ2ro1w"},"source":["# THỰC HÀNH SỐ 2:\n","---\n","\n","**Yêu cầu 2.1: Đọc dữ liệu từ file Data_Excercise/Data_BMI.txt vào 2 vector tương ứng**\n","1. v_height: chứa dữ liệu chiều cao\n","2. v_Weight: Chứa dữ liệu cân nặng\n"]},{"cell_type":"code","source":["from google.colab import drive\n","drive.mount('/content/drive')"],"metadata":{"colab":{"base_uri":"https://localhost:8080/"},"id":"_OLVHSVUwLnR","executionInfo":{"status":"ok","timestamp":1762950939844,"user_tz":-420,"elapsed":1790,"user":{"displayName":"Anh Tú Nguyễn","userId":"16153116359224368689"}},"outputId":"a68200fa-aecb-4464-8cc1-918482850f93"},"execution_count":48,"outputs":[{"output_type":"stream","name":"stdout","text":["Drive already mounted at /content/drive; to attempt to forcibly remount, call drive.mount(\"/content/drive\", force_remount=True).\n"]}]},{"cell_type":"code","execution_count":49,"metadata":{"id":"cnYNaKudro1x","colab":{"base_uri":"https://localhost:8080/"},"executionInfo":{"status":"ok","timestamp":1762950939845,"user_tz":-420,"elapsed":42,"user":{"displayName":"Anh Tú Nguyễn","userId":"16153116359224368689"}},"outputId":"a7913b44-ecbf-4c82-816c-0062d251c5ed"},"outputs":[{"output_type":"stream","name":"stdout","text":["Chiều cao: [174. 189. 185. 195. 149. 189. 147. 154. 174. 169. 195. 159. 192. 155.\n"," 191. 153. 157. 140. 144. 172. 157. 153. 169. 185. 172. 151. 190. 187.\n"," 163. 179. 153. 178. 195. 160. 157. 189. 197. 144. 171. 185. 175. 149.\n"," 157. 161. 182. 185. 188. 181. 161. 140. 168. 176. 163. 172. 196. 187.\n"," 172. 178. 164. 143. 191. 141. 193. 190. 175. 179. 172. 168. 164. 194.\n"," 153. 178. 141. 180. 185. 197. 165. 168. 176. 181. 164. 166. 190. 186.\n"," 168. 198. 175. 145. 159. 185. 178. 183. 194. 177. 197. 170. 142. 160.\n"," 195. 190.]\n","Cân nặng: [ 96.  87. 110. 104.  61. 104.  92. 111.  90. 103.  81.  80. 101.  51.\n","  79. 107. 110. 129. 145. 139. 110. 149.  97. 139.  67.  64.  95.  62.\n"," 159. 152. 121.  52.  65. 131. 153. 132. 114.  80. 152.  81. 120. 108.\n","  56. 118. 126.  76. 122. 111.  72. 152. 135.  54. 110. 105. 116.  89.\n","  92. 127.  70.  88.  54. 143.  54.  83. 135. 158.  96.  59.  82. 136.\n","  51. 117.  80.  75. 100. 154. 104.  90. 122.  51.  75. 140. 105. 118.\n"," 123.  50. 141. 117. 104. 140. 154.  96. 111.  61. 119. 156.  69. 139.\n","  69.  50.]\n"]}],"source":["#{HỌC VIÊN VIÊT CODE VÀO ĐÂY}\n","\n","path= '/content/drive/MyDrive/for_student/Bai5/ThucHanh/Data_Excercise/Data_BMI.txt'\n","\n","data = np.loadtxt(path)\n","\n","v_height = data[:, 0]\n","v_weight = data[:, 1]\n","\n","print(\"Chiều cao:\", v_height)\n","print(\"Cân nặng:\", v_weight)\n"]},{"cell_type":"code","execution_count":49,"metadata":{"id":"cgQVcuMnro1z","executionInfo":{"status":"ok","timestamp":1762950939845,"user_tz":-420,"elapsed":27,"user":{"displayName":"Anh Tú Nguyễn","userId":"16153116359224368689"}}},"outputs":[],"source":[]},{"cell_type":"markdown","metadata":{"id":"FOt0MLOOro2L"},"source":["**Yêu cầu 2.2: Tạo vector v_height_m2 từ vector v_height theo yêu cầu sau:**\n","1. Chuyển đổi đơn vị của các phần tử từ cm sang m\n","2. Tính bình phương giá trị các phần tử"]},{"cell_type":"code","execution_count":50,"metadata":{"id":"2rkHMZ6Uro2N","colab":{"base_uri":"https://localhost:8080/"},"executionInfo":{"status":"ok","timestamp":1762950939846,"user_tz":-420,"elapsed":22,"user":{"displayName":"Anh Tú Nguyễn","userId":"16153116359224368689"}},"outputId":"c2fd192c-da78-4b44-bbbe-5cfa0462cc19"},"outputs":[{"output_type":"stream","name":"stdout","text":["Chiều cao (m^2): [3.0276 3.5721 3.4225 3.8025 2.2201 3.5721 2.1609 2.3716 3.0276 2.8561\n"," 3.8025 2.5281 3.6864 2.4025 3.6481 2.3409 2.4649 1.96   2.0736 2.9584\n"," 2.4649 2.3409 2.8561 3.4225 2.9584 2.2801 3.61   3.4969 2.6569 3.2041\n"," 2.3409 3.1684 3.8025 2.56   2.4649 3.5721 3.8809 2.0736 2.9241 3.4225\n"," 3.0625 2.2201 2.4649 2.5921 3.3124 3.4225 3.5344 3.2761 2.5921 1.96\n"," 2.8224 3.0976 2.6569 2.9584 3.8416 3.4969 2.9584 3.1684 2.6896 2.0449\n"," 3.6481 1.9881 3.7249 3.61   3.0625 3.2041 2.9584 2.8224 2.6896 3.7636\n"," 2.3409 3.1684 1.9881 3.24   3.4225 3.8809 2.7225 2.8224 3.0976 3.2761\n"," 2.6896 2.7556 3.61   3.4596 2.8224 3.9204 3.0625 2.1025 2.5281 3.4225\n"," 3.1684 3.3489 3.7636 3.1329 3.8809 2.89   2.0164 2.56   3.8025 3.61  ]\n"]}],"source":["#{HỌC VIÊN VIÊT CODE VÀO ĐÂY}\n","\n","v_height_m2 = (v_height/100)**2\n","print(\"Chiều cao (m^2):\", v_height_m2)\n","\n","\n","\n"]},{"cell_type":"code","execution_count":50,"metadata":{"id":"bsHaGI2xro2P","executionInfo":{"status":"ok","timestamp":1762950939847,"user_tz":-420,"elapsed":9,"user":{"displayName":"Anh Tú Nguyễn","userId":"16153116359224368689"}}},"outputs":[],"source":[]},{"cell_type":"markdown","metadata":{"id":"Cx5FKResro2Q"},"source":["**Yêu cầu 2.3: Tính chỉ số BMI của 100 người ngày theo công thức bên dưới, chỉ số BMI được làm tròn tới 1 số sau dấu “,”. Lưu kết quả vào vector v_bmi**"]},{"cell_type":"code","execution_count":51,"metadata":{"id":"bSxegf34ro2R","colab":{"base_uri":"https://localhost:8080/"},"executionInfo":{"status":"ok","timestamp":1762950939865,"user_tz":-420,"elapsed":24,"user":{"displayName":"Anh Tú Nguyễn","userId":"16153116359224368689"}},"outputId":"dcbb47ab-1960-4a46-e576-500543154196"},"outputs":[{"output_type":"stream","name":"stdout","text":["Chỉ số BMI: [31.7 24.4 32.1 27.4 27.5 29.1 42.6 46.8 29.7 36.1 21.3 31.6 27.4 21.2\n"," 21.7 45.7 44.6 65.8 69.9 47.  44.6 63.7 34.  40.6 22.6 28.1 26.3 17.7\n"," 59.8 47.4 51.7 16.4 17.1 51.2 62.1 37.  29.4 38.6 52.  23.7 39.2 48.6\n"," 22.7 45.5 38.  22.2 34.5 33.9 27.8 77.6 47.8 17.4 41.4 35.5 30.2 25.5\n"," 31.1 40.1 26.  43.  14.8 71.9 14.5 23.  44.1 49.3 32.4 20.9 30.5 36.1\n"," 21.8 36.9 40.2 23.1 29.2 39.7 38.2 31.9 39.4 15.6 27.9 50.8 29.1 34.1\n"," 43.6 12.8 46.  55.6 41.1 40.9 48.6 28.7 29.5 19.5 30.7 54.  34.2 54.3\n"," 18.1 13.9]\n"]}],"source":["#{HỌC VIÊN VIÊT CODE VÀO ĐÂY}\n","\n","v_bmi=v_weight/v_height_m2\n","\n","v_bmi = np.round(v_bmi, 1)\n","\n","print(\"Chỉ số BMI:\", v_bmi)\n","\n","\n"]},{"cell_type":"code","execution_count":51,"metadata":{"id":"CCUZAIHTro2T","executionInfo":{"status":"ok","timestamp":1762950939867,"user_tz":-420,"elapsed":4,"user":{"displayName":"Anh Tú Nguyễn","userId":"16153116359224368689"}}},"outputs":[],"source":[]},{"cell_type":"markdown","metadata":{"id":"9wLBNhDxro2U"},"source":["**Yêu cầu 2.4: Sắp xếp thứ tự các phần tử trong vector v_bmi theo chiều tăng dần, giảm dần**"]},{"cell_type":"code","execution_count":52,"metadata":{"id":"wvaKg4Mero2V","colab":{"base_uri":"https://localhost:8080/"},"executionInfo":{"status":"ok","timestamp":1762950939879,"user_tz":-420,"elapsed":9,"user":{"displayName":"Anh Tú Nguyễn","userId":"16153116359224368689"}},"outputId":"b07ff896-cacd-4794-f580-cae9d4a503b4"},"outputs":[{"output_type":"stream","name":"stdout","text":["BMI tăng dần: [12.8 13.9 14.5 14.8 15.6 16.4 17.1 17.4 17.7 18.1 19.5 20.9 21.2 21.3\n"," 21.7 21.8 22.2 22.6 22.7 23.  23.1 23.7 24.4 25.5 26.  26.3 27.4 27.4\n"," 27.5 27.8 27.9 28.1 28.7 29.1 29.1 29.2 29.4 29.5 29.7 30.2 30.5 30.7\n"," 31.1 31.6 31.7 31.9 32.1 32.4 33.9 34.  34.1 34.2 34.5 35.5 36.1 36.1\n"," 36.9 37.  38.  38.2 38.6 39.2 39.4 39.7 40.1 40.2 40.6 40.9 41.1 41.4\n"," 42.6 43.  43.6 44.1 44.6 44.6 45.5 45.7 46.  46.8 47.  47.4 47.8 48.6\n"," 48.6 49.3 50.8 51.2 51.7 52.  54.  54.3 55.6 59.8 62.1 63.7 65.8 69.9\n"," 71.9 77.6]\n","BMI giảm dần: [77.6 71.9 69.9 65.8 63.7 62.1 59.8 55.6 54.3 54.  52.  51.7 51.2 50.8\n"," 49.3 48.6 48.6 47.8 47.4 47.  46.8 46.  45.7 45.5 44.6 44.6 44.1 43.6\n"," 43.  42.6 41.4 41.1 40.9 40.6 40.2 40.1 39.7 39.4 39.2 38.6 38.2 38.\n"," 37.  36.9 36.1 36.1 35.5 34.5 34.2 34.1 34.  33.9 32.4 32.1 31.9 31.7\n"," 31.6 31.1 30.7 30.5 30.2 29.7 29.5 29.4 29.2 29.1 29.1 28.7 28.1 27.9\n"," 27.8 27.5 27.4 27.4 26.3 26.  25.5 24.4 23.7 23.1 23.  22.7 22.6 22.2\n"," 21.8 21.7 21.3 21.2 20.9 19.5 18.1 17.7 17.4 17.1 16.4 15.6 14.8 14.5\n"," 13.9 12.8]\n"]}],"source":["#{HỌC VIÊN VIÊT CODE VÀO ĐÂY}\n","\n","v_bmi_tang = np.sort(v_bmi)\n","\n","v_bmi_giam = np.sort(v_bmi)[::-1]\n","\n","print(\"BMI tăng dần:\", v_bmi_tang)\n","print(\"BMI giảm dần:\", v_bmi_giam)\n","\n","\n","\n"]},{"cell_type":"code","execution_count":52,"metadata":{"id":"aQsq2yburo2W","executionInfo":{"status":"ok","timestamp":1762950939884,"user_tz":-420,"elapsed":3,"user":{"displayName":"Anh Tú Nguyễn","userId":"16153116359224368689"}}},"outputs":[],"source":[]},{"cell_type":"markdown","metadata":{"id":"8AcwI8Gdro2X"},"source":["**Yêu cầu 2.5: Thống kê số lượng người theo từng mức dựa vào phân loại theo hình**"]},{"cell_type":"code","execution_count":53,"metadata":{"id":"bh1KJt0cro2X","colab":{"base_uri":"https://localhost:8080/"},"executionInfo":{"status":"ok","timestamp":1762950939895,"user_tz":-420,"elapsed":8,"user":{"displayName":"Anh Tú Nguyễn","userId":"16153116359224368689"}},"outputId":"0b1a33a1-47e2-4f52-ffdd-231525c4e131"},"outputs":[{"output_type":"stream","name":"stdout","text":["         Phân loại  Số lượng\n","0      Underweight        10\n","1           Normal        13\n","2       Overweight        16\n","3            Obese        14\n","4  Extremely Obese        47\n","Tổng số: 100\n"]}],"source":["#{HỌC VIÊN VIÊT CODE VÀO ĐÂY}\n","\n","import pandas as pd\n","\n","\n","underweight = np.sum(v_bmi < 18.5)\n","normal = np.sum((v_bmi >= 18.5) & (v_bmi < 25))\n","overweight = np.sum((v_bmi >= 25) & (v_bmi < 30))\n","obese = np.sum((v_bmi >= 30) & (v_bmi < 35))\n","extremely_obese = np.sum(v_bmi >= 35)\n","\n","bmi_stats = pd.DataFrame({\n","    'Phân loại': ['Underweight', 'Normal', 'Overweight', 'Obese', 'Extremely Obese'],\n","    'Số lượng': [underweight, normal, overweight, obese, extremely_obese]\n","})\n","\n","print(bmi_stats)\n","print(\"Tổng số:\", len(v_bmi))\n","\n","\n"]},{"cell_type":"markdown","metadata":{"id":"Dp54GIu5ro2Y"},"source":["## THỰC HÀNH SỐ 3:\n","---\n","**Yêu cầu 3.1: Sử dụng vector_weigth trong bài thực hành 2 chuyển về ma trận kích thước 10 x 10**"]},{"cell_type":"code","execution_count":54,"metadata":{"id":"GlzKfK4Nro2a","colab":{"base_uri":"https://localhost:8080/"},"executionInfo":{"status":"ok","timestamp":1762950940024,"user_tz":-420,"elapsed":97,"user":{"displayName":"Anh Tú Nguyễn","userId":"16153116359224368689"}},"outputId":"b3a4e468-3975-4b5c-e113-7cb2dae4dae5"},"outputs":[{"output_type":"stream","name":"stdout","text":["[[ 96.  87. 110. 104.  61. 104.  92. 111.  90. 103.]\n"," [ 81.  80. 101.  51.  79. 107. 110. 129. 145. 139.]\n"," [110. 149.  97. 139.  67.  64.  95.  62. 159. 152.]\n"," [121.  52.  65. 131. 153. 132. 114.  80. 152.  81.]\n"," [120. 108.  56. 118. 126.  76. 122. 111.  72. 152.]\n"," [135.  54. 110. 105. 116.  89.  92. 127.  70.  88.]\n"," [ 54. 143.  54.  83. 135. 158.  96.  59.  82. 136.]\n"," [ 51. 117.  80.  75. 100. 154. 104.  90. 122.  51.]\n"," [ 75. 140. 105. 118. 123.  50. 141. 117. 104. 140.]\n"," [154.  96. 111.  61. 119. 156.  69. 139.  69.  50.]]\n"]}],"source":["#{HỌC VIÊN VIÊT CODE VÀO ĐÂY}\n","\n","v_weight_reshape = v_weight.reshape(10,10)\n","\n","print(v_weight_reshape)\n"]},{"cell_type":"code","execution_count":54,"metadata":{"id":"XtS_bImqro2b","executionInfo":{"status":"ok","timestamp":1762950940054,"user_tz":-420,"elapsed":28,"user":{"displayName":"Anh Tú Nguyễn","userId":"16153116359224368689"}}},"outputs":[],"source":[]},{"cell_type":"markdown","metadata":{"id":"XEnsdKByro2c"},"source":["**Yêu cầu 3.2: Cho biết ma trận weight có tồn tại ma trân nghịch đảo không? Nếu có hãy xác định ma trận weight-1 ?**"]},{"cell_type":"code","execution_count":55,"metadata":{"id":"JHKnNwUero2c","colab":{"base_uri":"https://localhost:8080/"},"executionInfo":{"status":"ok","timestamp":1762950940075,"user_tz":-420,"elapsed":17,"user":{"displayName":"Anh Tú Nguyễn","userId":"16153116359224368689"}},"outputId":"96e24d02-95e2-4574-f3b5-d5ccfc08a94a"},"outputs":[{"output_type":"stream","name":"stdout","text":["Định thức = -1.241241152184681e+18\n","Ma trận có nghịch đảo.\n","Ma trận nghịch đảo weight⁻¹ =\n"," [[ 0.20672933 -0.01828619 -0.08121229  0.15165329 -0.05867193 -0.32128926\n","   0.00328234 -0.21117582  0.1531515   0.14765915]\n"," [-0.03378959 -0.00092993  0.01637303 -0.02576189  0.01204942  0.03860094\n","  -0.00254169  0.0334947  -0.01916893 -0.01399406]\n"," [ 0.16001186 -0.01361912 -0.06334124  0.11206935 -0.06692393 -0.2278292\n","   0.01233269 -0.16357827  0.12566149  0.10512262]\n"," [-0.20060155  0.0096163   0.08597968 -0.14951455  0.06703284  0.32178178\n","  -0.00847147  0.21237844 -0.160284   -0.14756298]\n"," [-0.1151341   0.00896286  0.04087891 -0.07066568  0.02398925  0.16297821\n","   0.00236627  0.09744888 -0.06997591 -0.06720453]\n"," [ 0.04172982 -0.00327195 -0.01645048  0.02463278 -0.00963244 -0.05248791\n","   0.0053399  -0.03159687  0.01832677  0.02128759]\n"," [ 0.46636016 -0.03988045 -0.19342132  0.33291136 -0.13479078 -0.70496996\n","   0.01080126 -0.45280827  0.34838493  0.30636839]\n"," [-0.35820439  0.03342262  0.14250743 -0.26148364  0.11928475  0.5420641\n","  -0.01976057  0.36295382 -0.27052793 -0.24027735]\n"," [-0.11663945  0.01450792  0.04922918 -0.07563266  0.03173362  0.16437771\n","  -0.00762818  0.1113903  -0.08306723 -0.07324272]\n"," [-0.02532702  0.00758554  0.01126819 -0.02080555  0.00793174  0.04361741\n","   0.00599041  0.01895287 -0.02303197 -0.0214799 ]]\n"]}],"source":["#{HỌC VIÊN VIÊT CODE VÀO ĐÂY}\n","\n","det = np.linalg.det(v_weight_reshape)\n","print(\"Định thức =\", det)\n","if det != 0:\n","    print(\"Ma trận có nghịch đảo.\")\n","    weight_inv = np.linalg.inv(v_weight_reshape)\n","    print(\"Ma trận nghịch đảo weight⁻¹ =\\n\", weight_inv)\n","else:\n","    print(\"Ma trận không có nghịch đảo .\")\n","\n","\n","\n"]},{"cell_type":"markdown","metadata":{"id":"TsgMiYGHro2d"},"source":["**Yêu cầu 3.3: Tạo vector_diagonal chứa các phần tử trên đường chéo chính của ma trận weight, tính trace của ma trận weight.**"]},{"cell_type":"code","execution_count":56,"metadata":{"id":"cFjFnSIero2d","colab":{"base_uri":"https://localhost:8080/"},"executionInfo":{"status":"ok","timestamp":1762950940089,"user_tz":-420,"elapsed":11,"user":{"displayName":"Anh Tú Nguyễn","userId":"16153116359224368689"}},"outputId":"43904978-a20a-4655-ecaa-dc630f9d0f51"},"outputs":[{"output_type":"stream","name":"stdout","text":["Vector đường chéo chính: [ 96.  80.  97. 131. 126.  89.  96.  90. 104.  50.]\n","Trace của ma trận weight: 959.0\n"]}],"source":["#{HỌC VIÊN VIÊT CODE VÀO ĐÂY}\n","\n","vector_diagonal = np.diagonal(v_weight_reshape)\n","\n","trace_weight = np.trace(v_weight_reshape)\n","\n","print(\"Vector đường chéo chính:\", vector_diagonal)\n","print(\"Trace của ma trận weight:\", trace_weight)\n","\n"]},{"cell_type":"markdown","metadata":{"id":"NyBH2XUKro2e"},"source":["**Yêu cầu 3.4: Tìm giá trị lớn nhất, nhỏ nhất của ma trận đường chéo trên và ma trận đường chéo dưới không bao gồm các phần tử trên đường chéo chính**"]},{"cell_type":"code","execution_count":57,"metadata":{"id":"mouKKhCJro2f","colab":{"base_uri":"https://localhost:8080/"},"executionInfo":{"status":"ok","timestamp":1762950940098,"user_tz":-420,"elapsed":8,"user":{"displayName":"Anh Tú Nguyễn","userId":"16153116359224368689"}},"outputId":"410ed5a7-f3e6-41be-9c36-2adfc561bbbd"},"outputs":[{"output_type":"stream","name":"stdout","text":["Đường chéo chính: [ 96.  80.  97. 131. 126.  89.  96.  90. 104.  50.]\n","Giá trị lớn nhất trên đường chéo chính: 131.0\n","Giá trị nhỏ nhất trên đường chéo chính: 50.0\n","Đường chéo dưới: [ 81. 149.  65. 118. 116. 158. 104. 117.  69.]\n","Giá trị lớn nhất trên đường chéo dưới: 158.0\n","Giá trị nhỏ nhất trên đường chéo dưới: 65.0\n"]}],"source":["#{HỌC VIÊN VIÊT CODE VÀO ĐÂY}\n","\n","vector_diagonal_below = np.diagonal(v_weight_reshape, offset=-1)\n","\n","max_diagonal = np.max(vector_diagonal)\n","min_diagonal = np.min(vector_diagonal)\n","\n","max_diagonal_below = np.max(vector_diagonal_below)\n","min_diagonal_below = np.min(vector_diagonal_below)\n","\n","print(\"Đường chéo chính:\", vector_diagonal)\n","print(\"Giá trị lớn nhất trên đường chéo chính:\", max_diagonal)\n","print(\"Giá trị nhỏ nhất trên đường chéo chính:\", min_diagonal)\n","\n","print(\"Đường chéo dưới:\", vector_diagonal_below)\n","print(\"Giá trị lớn nhất trên đường chéo dưới:\", max_diagonal_below)\n","print(\"Giá trị nhỏ nhất trên đường chéo dưới:\", min_diagonal_below)\n","\n","\n","\n"]},{"cell_type":"markdown","metadata":{"id":"cpLjE3S5ro2f"},"source":["# THỰC HÀNH SỐ 4\n","---\n","**Yêu cầu 4.1: Chuyển vector_height, vector_weigth trong bài thực hành 2 về ma trận height, weight kích thước 10 x 10.**\n","\n","Thực hiện các phép toán: So sánh; Cộng; Trừ; Nhân hai ma trận height và weighT"]},{"cell_type":"code","execution_count":58,"metadata":{"id":"Ui4PLsmZro2g","executionInfo":{"status":"ok","timestamp":1762950940161,"user_tz":-420,"elapsed":2,"user":{"displayName":"Anh Tú Nguyễn","userId":"16153116359224368689"}}},"outputs":[],"source":["#{HỌC VIÊN VIÊT CODE VÀO ĐÂY}\n","\n","height = v_height.reshape(10, 10)\n","weight = v_weight.reshape(10, 10)\n","\n","\n","\n","\n"]},{"cell_type":"code","execution_count":59,"metadata":{"id":"dk8_yPGNro2i","colab":{"base_uri":"https://localhost:8080/"},"executionInfo":{"status":"ok","timestamp":1762950940179,"user_tz":-420,"elapsed":14,"user":{"displayName":"Anh Tú Nguyễn","userId":"16153116359224368689"}},"outputId":"5c0e9fa0-296e-4459-e168-52253dfa925a"},"outputs":[{"output_type":"stream","name":"stdout","text":["Ma trận so sánh (height > weight):\n"," [[ True  True  True  True  True  True  True  True  True  True]\n"," [ True  True  True  True  True  True  True  True False  True]\n"," [ True  True  True  True  True  True  True  True  True  True]\n"," [ True  True  True  True  True  True  True  True  True  True]\n"," [ True  True  True  True  True  True  True  True  True False]\n"," [ True  True  True  True  True  True  True  True  True  True]\n"," [ True False  True  True  True  True  True  True  True  True]\n"," [ True  True  True  True  True  True  True  True  True  True]\n"," [ True  True  True  True  True  True  True  True  True  True]\n"," [ True  True  True  True  True  True  True  True  True  True]]\n"]}],"source":["comparison = height > weight\n","print(\"Ma trận so sánh (height > weight):\\n\", comparison)\n"]},{"cell_type":"code","execution_count":60,"metadata":{"id":"tmSeE4QUro2i","colab":{"base_uri":"https://localhost:8080/"},"executionInfo":{"status":"ok","timestamp":1762950940191,"user_tz":-420,"elapsed":11,"user":{"displayName":"Anh Tú Nguyễn","userId":"16153116359224368689"}},"outputId":"5fb9cf2d-eef2-4af9-f04c-f60069f30eca"},"outputs":[{"output_type":"stream","name":"stdout","text":["Ma trận tổng:\n"," [[270. 276. 295. 299. 210. 293. 239. 265. 264. 272.]\n"," [276. 239. 293. 206. 270. 260. 267. 269. 289. 311.]\n"," [267. 302. 266. 324. 239. 215. 285. 249. 322. 331.]\n"," [274. 230. 260. 291. 310. 321. 311. 224. 323. 266.]\n"," [295. 257. 213. 279. 308. 261. 310. 292. 233. 292.]\n"," [303. 230. 273. 277. 312. 276. 264. 305. 234. 231.]\n"," [245. 284. 247. 273. 310. 337. 268. 227. 246. 330.]\n"," [204. 295. 221. 255. 285. 351. 269. 258. 298. 232.]\n"," [239. 306. 295. 304. 291. 248. 316. 262. 263. 325.]\n"," [332. 279. 305. 238. 316. 326. 211. 299. 264. 240.]]\n"]}],"source":["sum_matrix = height + weight\n","print(\"Ma trận tổng:\\n\", sum_matrix)"]},{"cell_type":"code","execution_count":61,"metadata":{"id":"Zu7mVJ0Rro2i","colab":{"base_uri":"https://localhost:8080/"},"executionInfo":{"status":"ok","timestamp":1762950940202,"user_tz":-420,"elapsed":9,"user":{"displayName":"Anh Tú Nguyễn","userId":"16153116359224368689"}},"outputId":"2cc4a122-940f-409e-b8db-803c7cbb9e36"},"outputs":[{"output_type":"stream","name":"stdout","text":["Ma trận hiệu:\n"," [[ 78. 102.  75.  91.  88.  85.  55.  43.  84.  66.]\n"," [114.  79.  91. 104. 112.  46.  47.  11.  -1.  33.]\n"," [ 47.   4.  72.  46. 105.  87.  95. 125.   4.  27.]\n"," [ 32. 126. 130.  29.   4.  57.  83.  64.  19. 104.]\n"," [ 55.  41. 101.  43.  56. 109.  66.  70.  89. -12.]\n"," [ 33. 122.  53.  67.  80.  98.  80.  51.  94.  55.]\n"," [137.  -2. 139. 107.  40.  21.  76. 109.  82.  58.]\n"," [102.  61.  61. 105.  85.  43.  61.  78.  54. 130.]\n"," [ 89.  26.  85.  68.  45. 148.  34.  28.  55.  45.]\n"," [ 24.  87.  83. 116.  78.  14.  73.  21. 126. 140.]]\n"]}],"source":["diff_matrix = height - weight\n","print(\"Ma trận hiệu:\\n\", diff_matrix)"]},{"cell_type":"markdown","metadata":{"id":"CWMhUE_Nro2j"},"source":["## THỰC HÀNH SỐ 5\n","---\n","**Yêu cầu: Học viên tìm ma trận nghịch đảo và hạng của ma trận Height, Weight trong bài thực hành số 4:**\n"]},{"cell_type":"code","execution_count":62,"metadata":{"id":"7-qgxzpSro2m","colab":{"base_uri":"https://localhost:8080/"},"executionInfo":{"status":"ok","timestamp":1762950940211,"user_tz":-420,"elapsed":7,"user":{"displayName":"Anh Tú Nguyễn","userId":"16153116359224368689"}},"outputId":"05e58f1e-11c0-40b7-8af3-52a581eda607"},"outputs":[{"output_type":"stream","name":"stdout","text":["Định thức của ma trận Height: -4.407407039044561e+16\n"," Ma trận Height có nghịch đảo:\n"," [[ 0.01603724  0.02092798  0.0005634  -0.01423585  0.03551657 -0.04363049\n","  -0.01948489  0.00700362  0.00206303 -0.00199753]\n"," [ 0.01145501  0.01012574 -0.00177983  0.01702373 -0.02926175  0.02637695\n","   0.00593858  0.00934035 -0.03106974 -0.01725456]\n"," [-0.00829272 -0.01629126 -0.01300203  0.02597273 -0.04412866  0.0594086\n","   0.04409162 -0.02043952 -0.02539402 -0.00393563]\n"," [ 0.01044593  0.00900932  0.03553735 -0.06072899  0.06619758 -0.08123257\n","  -0.08346583 -0.01149921  0.0943043   0.02491969]\n"," [-0.01611873  0.00544315  0.00754171 -0.02223981  0.0163093  -0.01285604\n","  -0.02944805 -0.00336405  0.03903407  0.0168835 ]\n"," [-0.00650082 -0.0159626  -0.03003311  0.02587248 -0.03728232  0.0528001\n","   0.05303036  0.00676435 -0.03283975 -0.01754762]\n"," [ 0.00220234  0.01502042  0.02576185 -0.02610571  0.06230938 -0.07197318\n","  -0.06776956 -0.00413956  0.05602876  0.01243454]\n"," [-0.00569104 -0.02511792 -0.02964712  0.06285506 -0.10510555  0.12963117\n","   0.12020125  0.00671117 -0.11756002 -0.04024696]\n"," [ 0.00517095 -0.00124652  0.01939913 -0.03702511  0.08762944 -0.09656025\n","  -0.07597418 -0.00918086  0.06316968  0.04722127]\n"," [-0.00695268 -0.00127346 -0.01378871  0.0314841  -0.05324623  0.04030115\n","   0.05575462  0.02032513 -0.05272843 -0.02111273]]\n","Định thức của ma trận Weight: -1.241241152184681e+18\n"," Ma trận Weight có nghịch đảo:\n"," [[ 0.20672933 -0.01828619 -0.08121229  0.15165329 -0.05867193 -0.32128926\n","   0.00328234 -0.21117582  0.1531515   0.14765915]\n"," [-0.03378959 -0.00092993  0.01637303 -0.02576189  0.01204942  0.03860094\n","  -0.00254169  0.0334947  -0.01916893 -0.01399406]\n"," [ 0.16001186 -0.01361912 -0.06334124  0.11206935 -0.06692393 -0.2278292\n","   0.01233269 -0.16357827  0.12566149  0.10512262]\n"," [-0.20060155  0.0096163   0.08597968 -0.14951455  0.06703284  0.32178178\n","  -0.00847147  0.21237844 -0.160284   -0.14756298]\n"," [-0.1151341   0.00896286  0.04087891 -0.07066568  0.02398925  0.16297821\n","   0.00236627  0.09744888 -0.06997591 -0.06720453]\n"," [ 0.04172982 -0.00327195 -0.01645048  0.02463278 -0.00963244 -0.05248791\n","   0.0053399  -0.03159687  0.01832677  0.02128759]\n"," [ 0.46636016 -0.03988045 -0.19342132  0.33291136 -0.13479078 -0.70496996\n","   0.01080126 -0.45280827  0.34838493  0.30636839]\n"," [-0.35820439  0.03342262  0.14250743 -0.26148364  0.11928475  0.5420641\n","  -0.01976057  0.36295382 -0.27052793 -0.24027735]\n"," [-0.11663945  0.01450792  0.04922918 -0.07563266  0.03173362  0.16437771\n","  -0.00762818  0.1113903  -0.08306723 -0.07324272]\n"," [-0.02532702  0.00758554  0.01126819 -0.02080555  0.00793174  0.04361741\n","   0.00599041  0.01895287 -0.02303197 -0.0214799 ]]\n"]}],"source":["#{HỌC VIÊN VIÊT CODE VÀO ĐÂY}\n","\n","def check(matrix, name):\n","    if matrix.shape[0] == matrix.shape[1]:\n","      det = np.linalg.det(matrix)\n","      print(f\"Định thức của ma trận {name}: {det}\")\n","      if det != 0:\n","          inv_matrix = np.linalg.inv(matrix)\n","          print(f\" Ma trận {name} có nghịch đảo:\\n\", inv_matrix)\n","      else:\n","          print(f\" Ma trận {name} không có nghịch đảo (det = 0).\")\n","\n","\n","check(height, \"Height\")\n","check(weight, \"Weight\")\n","\n","\n"]},{"cell_type":"code","execution_count":63,"metadata":{"id":"adxcgf_nro2o","colab":{"base_uri":"https://localhost:8080/"},"executionInfo":{"status":"ok","timestamp":1762950940222,"user_tz":-420,"elapsed":9,"user":{"displayName":"Anh Tú Nguyễn","userId":"16153116359224368689"}},"outputId":"95c684ce-d878-4e1c-db88-cb420b4525ae"},"outputs":[{"output_type":"stream","name":"stdout","text":["Hạng của ma trận Height: 10\n","Hạng của ma trận Weight: 10\n"]}],"source":["rank_height = np.linalg.matrix_rank(height)\n","rank_weight = np.linalg.matrix_rank(weight)\n","\n","print(\"Hạng của ma trận Height:\", rank_height)\n","print(\"Hạng của ma trận Weight:\", rank_weight)"]}],"metadata":{"colab":{"provenance":[]},"kernelspec":{"display_name":"Python [conda env:anaconda3]","language":"python","name":"conda-env-anaconda3-py"},"language_info":{"codemirror_mode":{"name":"ipython","version":3},"file_extension":".py","mimetype":"text/x-python","name":"python","nbconvert_exporter":"python","pygments_lexer":"ipython3","version":"3.11.5"}},"nbformat":4,"nbformat_minor":0}